rsid	EA	OA	meta_eaf_fetal_pw	meta_beta_fetal_pw	meta_se_fetal_pw	meta_p_fetal_pw	meta_n_fetal_pw	meta_eaf_maternal_pw	meta_beta_maternal_pw	meta_se_maternal_pw	meta_p_maternal_pw	meta_n_maternal_pw	meta_beta_fetal_bw	meta_se_fetal_bw	meta_p_fetal_bw	meta_beta_maternal_bw	meta_se_maternal_bw	meta_p_maternal_bw
rs150138294	a	g	0.0531	0.0799	0.0131	1.07E-09	65405	0.0452	0.0586	0.0141	3.20E-05	61137	0.052961	0.006674	2.20E-15	0.03866	0.008172	2.27E-06
rs723177	t	c	0.2961	0.0387	0.006	1.02E-10	65405	0.3001	0.0116	0.0062	6.05E-02	61004	0.013076	0.002823	3.68E-06	0.012605	0.0033	1.35E-04
rs1655296	g	t	0.3929	0.042	0.0056	4.86E-14	65405	0.3888	0.0232	0.0058	6.30E-05	61125	0.003245	0.002648	2.20E-01	-0.002873	0.003125	3.58E-01
rs140691414	t	c	0.0069	0.2614	0.0392	2.54E-11	57158	0.0084	0.1133	0.0421	7.13E-03	36782	0.058203	0.026832	3.01E-02	-0.04125	0.030789	1.80E-01
rs10925945	t	c	0.9363	0.0672	0.0112	1.69E-09	65405	0.9347	0.0533	0.0117	5.00E-06	61035	0.016329	0.005273	1.96E-03	0.013943	0.006187	2.42E-02
rs4953353	g	t	0.6223	0.0418	0.0065	1.38E-10	48809	0.6278	0.0274	0.0059	3.61E-06	60990	0.017903	0.0027	3.45E-11	0.005441	0.003165	8.56E-02
rs11708067	g	a	0.2327	0.0532	0.0065	1.83E-16	65405	0.2419	0.0037	0.0066	5.73E-01	60594	0.040866	0.002989	1.59E-42	0.001486	0.003537	6.74E-01
rs9817452	g	t	0.6135	0.0401	0.0057	1.72E-12	65405	0.6041	0.0137	0.0058	1.84E-02	61179	0.049328	0.002663	1.45E-76	0.021245	0.003227	4.76E-11
rs74457440	a	g	0.2327	0.0358	0.0065	3.37E-08	65405	0.2381	0.019	0.0066	3.78E-03	61148	0.002461	0.003097	4.27E-01	0.009839	0.003708	7.99E-03
rs7722058	t	c	0.8452	0.0468	0.0076	6.06E-10	65405	0.8435	0.02	0.0078	9.81E-03	61135	0.02674	0.003565	6.69E-14	0.018914	0.004179	6.10E-06
rs72801474	a	g	0.1045	0.0546	0.0094	7.34E-09	65405	0.1161	0.0147	0.0091	1.07E-01	61067	0.023516	0.004589	3.04E-07	0.002909	0.005402	5.90E-01
rs3822394	c	a	0.2625	0.0361	0.0062	5.80E-09	65405	0.2526	0.011	0.0065	9.08E-02	61025	0.000845	0.002934	7.73E-01	-0.001516	0.003467	6.62E-01
rs72804545	a	t	0.8911	0.0235	0.0106	2.65E-02	47626	0.8883	0.0638	0.0114	2.23E-08	41211	NA	NA	NA	0.04212	0.005172	4.02E-16
rs75512885	t	a	0.9273	0.0282	0.0105	7.15E-03	65405	0.9251	0.0083	0.013	5.24E-01	41356	0.020284	0.004901	3.53E-05	-0.001526	0.005865	7.95E-01
rs67265526	t	c	0.6281	0.0323	0.0057	1.12E-08	65405	0.619	0.0116	0.0058	4.66E-02	61127	0.015242	0.002654	9.56E-09	0.016565	0.003221	2.76E-07
rs541641049	a	g	0.0184	0.1927	0.0352	4.52E-08	55263	0.0476	0.0798	0.0216	2.26E-04	57367	0.076307	0.024467	1.82E-03	0.090127	0.025746	4.67E-04
rs9800506	t	g	0.4102	0.033	0.0055	2.58E-09	65405	0.4178	0.0212	0.0057	2.10E-04	61125	0.018296	0.002648	5.01E-12	0.025202	0.003216	4.89E-15
rs12529634	c	t	0.8717	0.0556	0.0084	2.85E-11	65405	0.8628	0.0265	0.0084	1.52E-03	61045	0.007693	0.003764	4.10E-02	0.00219	0.004403	6.19E-01
rs11756568	a	t	0.7027	0.0523	0.006	1.95E-18	65405	0.7074	0.0208	0.0062	7.96E-04	61131	0.031287	0.00287	1.21E-27	0.020953	0.003386	6.31E-10
rs1021508	c	t	0.633	0.0339	0.0057	2.09E-09	65405	0.6301	0.0182	0.0059	1.88E-03	60955	0.01762	0.00265	3.05E-11	0.008864	0.003221	5.93E-03
rs6456014	c	a	0.5824	0.0303	0.0055	4.42E-08	65405	0.5844	0.0084	0.0057	1.40E-01	60970	0.008732	0.002624	8.82E-04	0.00733	0.003087	1.76E-02
rs7783810	c	t	0.4216	0.0389	0.0055	1.85E-12	65405	0.4136	0.0201	0.0057	4.78E-04	61161	0.012541	0.002599	1.42E-06	0.003765	0.00306	2.19E-01
rs10486660	a	c	0.6078	0.0397	0.0056	9.49E-13	65405	0.6084	0.0167	0.0058	3.70E-03	61099	0.013037	0.002631	7.34E-07	0.008068	0.003109	9.48E-03
rs138715366	c	t	0.9913	0.2016	0.0349	7.91E-09	63786	0.9873	0.0211	0.0313	5.01E-01	59668	0.239889	0.014538	4.04E-61	0.124407	0.016978	2.45E-13
rs6557677	t	a	0.1657	0.0441	0.0074	2.66E-09	65405	0.1634	0.0142	0.0076	6.27E-02	61153	0.017264	0.003675	2.67E-06	0.011018	0.004482	1.40E-02
rs12543725	g	a	0.5854	0.0318	0.0055	9.20E-09	65405	0.5855	0.0186	0.0057	1.22E-03	61029	0.017421	0.00261	2.59E-11	0.012467	0.00308	5.24E-05
rs1434836	a	g	0.575	0.0348	0.0055	2.87E-10	65405	0.5795	0.018	0.0057	1.65E-03	61108	0.01025	0.002635	1.01E-04	0.004578	0.003094	1.39E-01
rs1801253	c	g	0.7426	0.052	0.0062	8.06E-17	65405	0.7422	0.0275	0.0064	2.08E-05	61105	0.030503	0.002915	1.38E-25	0.021484	0.003457	5.28E-10
rs2237892	t	c	0.056	0.0772	0.0135	1.03E-08	48809	0.0645	0.0646	0.012	7.84E-08	60364	0.021746	0.005273	3.77E-05	0.014688	0.006183	1.75E-02
rs2168101	c	a	0.6772	0.0158	0.007	2.38E-02	48809	0.6958	0.0468	0.0078	2.13E-09	41356	0.007384	0.002912	1.13E-02	0.032655	0.003447	2.92E-21
rs180435	c	g	0.189	0.0133	0.007	5.86E-02	65405	0.1895	0.0511	0.0072	1.68E-12	61153	0.010722	0.003284	1.10E-03	0.035082	0.00386	1.06E-19
rs112635299	t	g	0.0235	0.1489	0.0186	1.42E-15	64541	0.0251	0.0769	0.019	5.26E-05	60988	-0.014295	0.009275	1.23E-01	0.000189	0.010947	9.86E-01
rs7177338	a	g	0.5361	0.0347	0.0055	3.28E-10	65405	0.53	0.0275	0.0057	1.16E-06	61065	0.018128	0.002578	2.11E-12	0.029225	0.00314	1.40E-20
rs55958435	a	g	0.7133	0.0424	0.0062	6.82E-12	65405	0.7135	0.0144	0.0064	2.39E-02	60740	0.024732	0.002995	1.56E-16	0.012592	0.003638	5.40E-04
rs57790054	g	a	0.3022	0.0352	0.006	5.54E-09	65405	0.2934	0.0193	0.0062	1.97E-03	61055	0.015547	0.002896	8.11E-08	0.01425	0.003579	6.93E-05
rs11866404	c	g	0.5328	0.0415	0.0056	8.55E-14	65405	0.5405	0.0137	0.007	5.11E-02	41356	0.01085	0.002625	3.62E-05	0.010825	0.003163	6.26E-04
rs876987	g	a	0.3063	0.0383	0.0067	1.24E-08	48809	0.3114	0.0182	0.0061	2.95E-03	61013	-0.00809	0.002784	3.67E-03	-0.002427	0.003393	4.74E-01
rs303998	g	a	0.414	0.0237	0.0055	1.82E-05	65405	0.4036	0.0386	0.0058	2.12E-11	61063	0.009025	0.002656	6.82E-04	0.021458	0.003207	2.31E-11
rs6040436	t	c	0.4444	0.0543	0.0056	1.55E-22	65405	0.4484	0.0237	0.0057	3.60E-05	61090	0.015576	0.002611	2.52E-09	0.010991	0.003068	3.43E-04
rs2207099	a	g	0.4472	0.0532	0.0055	4.39E-22	65405	0.4511	0.0243	0.0057	1.91E-05	61102	0.01548	0.002595	2.51E-09	0.011072	0.003048	2.83E-04
rs6078190	c	a	0.3193	0.0402	0.0059	1.36E-11	65405	0.3319	0.0158	0.006	8.35E-03	61176	0.008737	0.002743	1.45E-03	0.009913	0.00321	2.02E-03
