SNP	FE_BETA	FE_SE	FE_P	RE_BETA	RE_SE	RE_P	Q	Q_Pval	N
rs150138294	0.0799	0.0131	1.068e-09	0.081	0.061	0.184	3.04	1	65405
rs723177	0.0387	0.006	1.02e-10	0.036	0.042	0.395	0.697	1	65405
rs1655296	-0.042	0.0056	4.856e-14	-0.046	0.04	0.257	1.31	1	65405
rs140691414	0.2614	0.0392	2.544e-11	0.219	0.14	0.117	2.966	0.813	57158
rs10925945	0.0672	0.0112	1.692e-09	0.073	0.057	0.202	3.291	1	65405
rs4953353	-0.0418	0.0065	1.379e-10	-0.05	0.044	0.254	0.94	1	48809
rs11708067	-0.0532	0.0065	1.833e-16	-0.05	0.044	0.246	1.694	1	65405
rs9817452	-0.0401	0.0057	1.719e-12	-0.04	0.041	0.32	0.992	1	65405
rs74457440	0.0358	0.0065	3.371e-08	0.032	0.043	0.462	2.009	1	65405
rs7722058	0.0468	0.0076	6.059e-10	0.053	0.047	0.26	0.669	1	65405
rs72801474	0.0546	0.0094	7.339e-09	0.061	0.053	0.257	1.575	1	65405
rs3822394	-0.0361	0.0062	5.796e-09	-0.035	0.042	0.413	1.399	1	65405
rs67265526	0.0323	0.0057	1.12e-08	0.032	0.041	0.434	1.338	1	65405
rs541641049	0.1927	0.0352	4.515e-08	0.28	0.138	0.042	1.47	0.961	55263
rs9800506	0.033	0.0055	2.577e-09	0.031	0.04	0.436	1.306	1	65405
rs12529634	-0.0556	0.0084	2.849e-11	-0.049	0.049	0.324	1.601	1	65405
rs11756568	0.0523	0.006	1.951e-18	0.05	0.042	0.232	0.889	1	65405
rs1021508	-0.0339	0.0057	2.091e-09	-0.03	0.041	0.458	0.853	1	65405
rs6456014	-0.0303	0.0055	4.417e-08	-0.033	0.04	0.408	1.032	1	65405
rs7783810	-0.0389	0.0055	1.852e-12	-0.036	0.04	0.37	0.878	1	65405
rs10486660	0.0397	0.0056	9.491e-13	0.047	0.04	0.244	1.615	1	65405
rs138715366	-0.2016	0.0349	7.911e-09	-0.208	0.109	0.057	2.241	1	63786
rs6557677	-0.0441	0.0074	2.66e-09	-0.044	0.046	0.347	1.045	1	65405
rs12543725	-0.0318	0.0055	9.202e-09	-0.025	0.04	0.537	1.092	1	65405
rs1434836	0.0348	0.0055	2.865e-10	0.043	0.04	0.287	1.074	1	65405
rs1801253	0.052	0.0062	8.064e-17	0.049	0.043	0.251	1.425	1	65405
rs2237892	0.0772	0.0135	1.034e-08	0.067	0.063	0.289	2.29	1	48809
rs112635299	0.1489	0.0186	1.422e-15	0.15	0.076	0.047	2.095	1	64541
rs7177338	0.0347	0.0055	3.277e-10	0.042	0.04	0.295	1.126	1	65405
rs55958435	0.0424	0.0062	6.818e-12	0.037	0.043	0.388	1.735	1	65405
rs57790054	-0.0352	0.006	5.539e-09	-0.038	0.042	0.364	1.04	1	65405
rs11866404	0.0415	0.0056	8.55e-14	0.043	0.04	0.282	1.043	1	65405
rs876987	-0.0383	0.0067	1.241e-08	-0.054	0.045	0.228	1.603	1	48809
rs6040436	0.0543	0.0056	1.548e-22	0.059	0.04	0.143	1.044	1	65405
rs6078190	-0.0402	0.0059	1.356e-11	-0.044	0.042	0.284	0.377	1	65405
