Locus	CHR	POS	rsid	EA	OA	eaf_fetal	beta_fetal	se_fetal	p_fetal	n_fetal	eaf_maternal	beta_maternal	se_maternal	p_maternal	n_maternal	eaf_paternal	beta_paternal	se_paternal	p_paternal	n_paternal
DCST2	1	155001281	rs150138294	a	g	0.0531	0.0799	0.0131	0.000000001068	65405	0.0452	0.0586	0.0141	0.00003202	61137	0.0446	0.005	0.0153	0.743	52311
RPL31P11	1	161651064	rs723177	t	c	0.2961	0.0387	0.006	0.000000000102	65405	0.3001	0.0116	0.0062	0.06051	61004	0.3004	0.0156	0.0067	0.01951	52194
TSNAX-DISC1,LINC00582	1	231733795	rs1655296	g	t	0.3929	0.042	0.0056	0	65405	0.3888	0.0232	0.0058	0.00006301	61125	0.3893	0.0153	0.0062	0.01418	52269
TSNAX-DISC1,LINC00582	1	231794081	rs140691414	t	c	0.0069	0.2614	0.0392	0	57158	0.0084	0.1133	0.0421	0.007133	36782	0.0086	0.1397	0.045	0.001894	30346
CHRM3	1	239822859	rs10925945	t	c	0.9363	0.0672	0.0112	0.000000001692	65405	0.9347	0.0533	0.0117	0.000004999	61035	0.9343	0.0089	0.0126	0.4779	52203
EPAS1	2	46567276	rs4953353	g	t	0.6223	0.0418	0.0065	0.0000000001379	48809	0.6278	0.0274	0.0059	0.000003605	60990	0.626	0.0233	0.0064	0.0002685	52153
ADCY5	3	123065778	rs11708067	g	a	0.2327	0.0532	0.0065	0	65405	0.2419	0.0037	0.0066	0.5727	60594	0.2442	0.0339	0.0071	0.000001558	52264
LOC339894/CCNL1	3	156795414	rs9817452	g	t	0.6135	0.0401	0.0057	0	65405	0.6041	0.0137	0.0058	0.01844	61179	0.6023	0.0199	0.0063	0.001479	52323
PDLIM5	4	95531563	rs74457440	a	g	0.2327	0.0358	0.0065	0.00000003371	65405	0.2381	0.019	0.0066	0.003784	61148	0.2359	0.0227	0.0071	0.001467	52324
ACTBL2	5	57073666	rs7722058	t	c	0.8452	0.0468	0.0076	0.0000000006059	65405	0.8435	0.02	0.0078	0.00981	61135	0.8436	0.0197	0.0084	0.01907	52295
HSPA4	5	132444128	rs72801474	a	g	0.1045	0.0546	0.0094	0.000000007339	65405	0.1161	0.0147	0.0091	0.1066	61067	0.1156	-0.0011	0.0098	0.9118	52208
ARHGAP26	5	142429811	rs3822394	c	a	0.2625	0.0361	0.0062	0.000000005796	65405	0.2526	0.011	0.0065	0.09079	61025	0.2508	0.0197	0.0071	0.005429	52176
EBF1	5	157808173	rs72804545	a	t	0.8911	0.0235	0.0106	0.02647	47626	0.8883	0.0638	0.0114	0.00000002228	41211	0.8863	0.0113	0.0128	0.3803	31473
EBF1	5	158317602	rs75512885	t	a	0.9273	0.0282	0.0105	0.00715	65405	0.9251	0.0083	0.013	0.5239	41356	0.9245	0.0802	0.0147	0.00000004958	31714
EBF1	5	158433339	rs67265526	t	c	0.6281	0.0323	0.0057	0.0000000112	65405	0.619	0.0116	0.0058	0.04658	61127	0.6199	0.0152	0.0063	0.0152	52288
NUDT3	6	34237188	rs541641049	a	g	0.0184	0.1927	0.0352	0.00000004515	55263	0.0476	0.0798	0.0216	0.0002257	57367	0.0498	0.0071	0.0217	0.7446	50853
FKBP5/MAPK13/TEAD3	6	35517390	rs9800506	t	g	0.4102	0.033	0.0055	0.000000002577	65405	0.4178	0.0212	0.0057	0.0002101	61125	0.421	0.0224	0.0062	0.0002845	52284
HACE1	6	105130521	rs12529634	c	t	0.8717	0.0556	0.0084	0	65405	0.8628	0.0265	0.0084	0.001522	61045	0.8613	0.0204	0.009	0.02321	52222
ESR1	6	152042413	rs11756568	a	t	0.7027	0.0523	0.006	0	65405	0.7074	0.0208	0.0062	0.0007964	61131	0.7035	0.0136	0.0067	0.04278	52297
PDE10A	6	166182483	rs1021508	c	t	0.633	0.0339	0.0057	0.000000002091	65405	0.6301	0.0182	0.0059	0.00188	60955	0.6285	0.0195	0.0063	0.002038	52088
PDE10A	6	166199513	rs6456014	c	a	0.5824	0.0303	0.0055	0.00000004417	65405	0.5844	0.0084	0.0057	0.1401	60970	0.5853	0.0108	0.0062	0.081	52105
ISPD	7	16193877	rs7783810	c	t	0.4216	0.0389	0.0055	0	65405	0.4136	0.0201	0.0057	0.0004777	61161	0.4114	0.0278	0.0062	0.000006443	52330
TBX20	7	35282931	rs10486660	a	c	0.6078	0.0397	0.0056	0	65405	0.6084	0.0167	0.0058	0.0037	61099	0.6082	0.0042	0.0062	0.5	52256
YKT6	7	44246271	rs138715366	c	t	0.9913	0.2016	0.0349	0.000000007911	63786	0.9873	0.0211	0.0313	0.5009	59668	0.9869	0.0696	0.0336	0.03848	51643
ENTPD4	8	23342043	rs6557677	t	a	0.1657	0.0441	0.0074	0.00000000266	65405	0.1634	0.0142	0.0076	0.06269	61153	0.1634	0.0238	0.0083	0.004143	52319
SLC45A4	8	142247979	rs12543725	g	a	0.5854	0.0318	0.0055	0.000000009202	65405	0.5855	0.0186	0.0057	0.001217	61029	0.5828	0.0104	0.0062	0.09083	52200
KLF4	9	110822658	rs1434836	a	g	0.575	0.0348	0.0055	0.0000000002865	65405	0.5795	0.018	0.0057	0.001645	61108	0.5808	0.0164	0.0062	0.007548	52307
ADRB1	10	115805056	rs1801253	c	g	0.7426	0.052	0.0062	0	65405	0.7422	0.0275	0.0064	0.00002078	61105	0.7415	0.026	0.0069	0.0001858	52241
KCNQ1	11	2839751	rs2237892	t	c	0.056	0.0772	0.0135	0.00000001034	48809	0.0645	0.0646	0.012	0.00000007844	60364	0.0667	0.025	0.0128	0.05137	52062
LMO1	11	8255408	rs2168101	c	a	0.6772	0.0158	0.007	0.02375	48809	0.6958	0.0468	0.0078	0.000000002134	41356	0.6934	0.0038	0.0088	0.6657	31714
SLC38A4	12	47180370	rs180435	c	g	0.189	0.0133	0.007	0.05858	65405	0.1895	0.0511	0.0072	0	61153	0.1845	-0.0044	0.0079	0.5774	52321
SERPINA1	14	94838142	rs112635299	t	g	0.0235	0.1489	0.0186	0	64541	0.0251	0.0769	0.019	0.00005255	60988	0.0265	0.0731	0.0202	0.0002852	51914
FES/FURIN 	15	91428636	rs7177338	a	g	0.5361	0.0347	0.0055	0.0000000003277	65405	0.53	0.0275	0.0057	0.000001159	61065	0.5293	0.0078	0.0061	0.203	52253
NR2F2	15	96852638	rs55958435	a	g	0.7133	0.0424	0.0062	0	65405	0.7135	0.0144	0.0064	0.02386	60740	0.7093	0.0071	0.0069	0.303	51842
GPR139/GPRC5B	16	20006986	rs57790054	g	a	0.3022	0.0352	0.006	0.000000005539	65405	0.2934	0.0193	0.0062	0.00197	61055	0.2956	0.0159	0.0067	0.01809	52211
SLC6A2	16	55717569	rs11866404	c	g	0.5328	0.0415	0.0056	0	65405	0.5405	0.0137	0.007	0.05113	41356	0.5383	0.026	0.008	0.001177	31714
SLC7A5	16	87882209	rs876987	g	a	0.3063	0.0383	0.0067	0.00000001241	48809	0.3114	0.0182	0.0061	0.002954	61013	0.3104	0.0278	0.0066	0.00002463	52187
NLRP13	19	56423893	rs303998	g	a	0.414	0.0237	0.0055	0.00001818	65405	0.4036	0.0386	0.0058	0	61063	0.405	0.0075	0.0062	0.231	52104
LOC339593	20	11200008	rs6040436	t	c	0.4444	0.0543	0.0056	0	65405	0.4484	0.0237	0.0057	0.00003601	61090	0.4461	0.0364	0.0062	0.000000003556	52269
LOC339593	20	11207949	rs2207099	a	g	0.4472	0.0532	0.0055	0	65405	0.4511	0.0243	0.0057	0.00001906	61102	0.4484	0.0375	0.0061	0.0000000008771	52271
LOC339593	20	11428113	rs6078190	c	a	0.3193	0.0402	0.0059	0	65405	0.3319	0.0158	0.006	0.008346	61176	0.3294	0.0008	0.0065	0.9069	52340
